{
 "cells": [
  {
   "cell_type": "code",
   "execution_count": 1,
   "metadata": {},
   "outputs": [],
   "source": [
    "# pip install --upgrade ipykernel\n"
   ]
  },
  {
   "cell_type": "code",
   "execution_count": 14,
   "metadata": {},
   "outputs": [],
   "source": [
    "# import pickle5 as pickle\n",
    "# import carmen\n",
    "# from pyarrow import json\n",
    "# import jsonlines\n",
    "# import json_lines\n",
    "# from json2parquet import convert_json\n",
    "# import csv\n",
    "# import ijson\n",
    "# import matplotlib\n",
    "# import matplotlib.pyplot as plt\n",
    "# import folium\n",
    "# import os\n",
    "# import numpy as np\n",
    "# from matplotlib.colors import LinearSegmentedColormap\n",
    "# import pyarrow.parquet as pq\n",
    "# from sklearn.model_selection import train_test_split\n",
    "# from sklearn.ensemble import RandomForestClassifier\n",
    "# import pandas as pd\n",
    "# from sklearn.preprocessing import StandardScaler"
   ]
  },
  {
   "cell_type": "code",
   "execution_count": 1,
   "metadata": {
    "ExecuteTime": {
     "end_time": "2022-05-04T05:31:29.376574Z",
     "start_time": "2022-05-04T05:31:26.893416Z"
    }
   },
   "outputs": [],
   "source": [
    "import pandas as pd\n",
    "import numpy as np\n",
    "from sklearn.preprocessing import StandardScaler\n",
    "from matplotlib import*\n",
    "import matplotlib.pyplot as plt\n",
    "from matplotlib.cm import register_cmap\n",
    "from scipy import stats\n",
    "from sklearn.decomposition import PCA as sklearnPCA\n",
    "import seaborn"
   ]
  },
  {
   "cell_type": "code",
   "execution_count": 2,
   "metadata": {
    "ExecuteTime": {
     "end_time": "2022-05-04T05:31:30.942699Z",
     "start_time": "2022-05-04T05:31:29.379556Z"
    }
   },
   "outputs": [
    {
     "name": "stderr",
     "output_type": "stream",
     "text": [
      "[nltk_data] Downloading package vader_lexicon to\n",
      "[nltk_data]     /Users/austingerner/nltk_data...\n",
      "[nltk_data]   Package vader_lexicon is already up-to-date!\n"
     ]
    }
   ],
   "source": [
    "import spacy\n",
    "import re\n",
    "from pprint import pprint\n",
    "import nltk\n",
    "nltk.download('vader_lexicon')\n",
    "from nltk.sentiment.vader import SentimentIntensityAnalyzer\n",
    "from nltk.corpus import stopwords\n",
    "from collections import Counter\n",
    "from wordcloud import WordCloud\n",
    "import warnings \n",
    "warnings.filterwarnings(\"ignore\", category=DeprecationWarning)\n",
    "%matplotlib inline"
   ]
  },
  {
   "cell_type": "code",
   "execution_count": 3,
   "metadata": {},
   "outputs": [],
   "source": [
    "# pd.set_option('display.max_rows', None)\n",
    "# pd.set_option('display.max_columns', None)\n",
    "# pd.set_option('display.width', None)\n",
    "# pd.set_option('display.max_colwidth', -1)"
   ]
  },
  {
   "cell_type": "markdown",
   "metadata": {},
   "source": [
    "# PCA Methods"
   ]
  },
  {
   "cell_type": "markdown",
   "metadata": {},
   "source": [
    "# Import Data from XML - Convert into Dataframe"
   ]
  },
  {
   "cell_type": "code",
   "execution_count": 5,
   "metadata": {},
   "outputs": [],
   "source": [
    "import pandas as pd \n",
    "import xml.etree.ElementTree as et \n",
    "\n",
    "xtree = et.parse(\"/Users/austingerner/Documents/gw/research/covid/code/diagnostics_75_topics.xml\")\n",
    "xroot = xtree.getroot() \n"
   ]
  },
  {
   "cell_type": "code",
   "execution_count": 6,
   "metadata": {},
   "outputs": [],
   "source": [
    "df_cols = [\"id\", \"tokens\", \"document_entropy\", \"avg-word-length\", \"avg-coherence\", \"uniform_dist\", \"corpus_dist\", \"token-doc-diff\",\n",
    "          \"rank_1_docs\", \"allocation_ratio\", \"word_rank\", \"word_count\", \"word_prob\",\"word_cumulative\", \"word_docs\", \"word-length\", \"word_coherence\",\n",
    "           \"word_uniform_dist\", \"word_corpus_dist\", \"word-token-doc-diff\", \"word_exclusivity\"]\n",
    "rows = []\n",
    "\n",
    "for node in xroot: \n",
    "    topic_id = node.attrib.get(\"id\")\n",
    "    topic_tokens = node.attrib.get(\"tokens\")\n",
    "    topic_entropy = node.attrib.get(\"document_entropy\")\n",
    "    topic_word_length = node.attrib.get(\"word-length\")\n",
    "    topic_coherence = node.attrib.get(\"coherence\")\n",
    "    topic_uniform_dist = node.attrib.get(\"uniform_dist\")\n",
    "    topic_corpus_dist = node.attrib.get(\"corpus_dist\")\n",
    "    topic_eff_num_words = node.attrib.get(\"token-doc-diff\")\n",
    "    topic_rank_1_docs = node.attrib.get(\"rank_1_docs\")\n",
    "    topic_allocation_ratio = node.attrib.get(\"allocation_ratio\")\n",
    "    \n",
    "    rows.append({\"id\": topic_id, \"tokens\": topic_tokens, \"document_entropy\": topic_entropy, \"avg-word-length\": topic_word_length,\n",
    "             \"avg-coherence\": topic_coherence, \"uniform_dist\": topic_uniform_dist, \"corpus_dist\": topic_corpus_dist, \"token-doc-diff\": topic_eff_num_words,\n",
    "             \"rank_1_docs\": topic_rank_1_docs, \"allocation_ratio\": topic_allocation_ratio})\n",
    "\n",
    "    for word in node.iter(\"word\"):\n",
    "        word_rank = word.attrib.get('rank')\n",
    "        word_count = word.attrib.get('count')\n",
    "        word_prob = word.attrib.get('prob')\n",
    "        word_cumulative = word.attrib.get('cumulative')\n",
    "        word_docs = word.attrib.get('docs')\n",
    "        word_word_length = word.attrib.get('word-length')\n",
    "        word_coherence = word.attrib.get('coherence')\n",
    "        word_uniform_dist = word.attrib.get('uniform_dist')\n",
    "        word_corpus_dist = word.attrib.get('corpus_dist')\n",
    "        word_eff_num_words = word.attrib.get('token-doc-diff')\n",
    "        word_exclusivity = word.attrib.get('exclusivity')\n",
    "        rows.append({\"id\": topic_id, \"word_rank\": word_rank, \"word_count\": word_count,\n",
    "                \"word_prob\": word_prob, \"word_cumulative\": word_cumulative, \"word_docs\": word_docs, \"word-length\": word_word_length, \"word_coherence\": word_coherence, \n",
    "                \"word_uniform_dist\": word_uniform_dist, \"word_corpus_dist\": word_corpus_dist, \"word-token-doc-diff\": word_eff_num_words, \"word_exclusivity\": word_exclusivity})\n",
    "    \n",
    "#         print(\"i\")\n",
    "    \n",
    "tm_results_diagnostics_df = pd.DataFrame(rows, columns = df_cols)\n"
   ]
  },
  {
   "cell_type": "code",
   "execution_count": 56,
   "metadata": {},
   "outputs": [
    {
     "data": {
      "text/html": [
       "<div>\n",
       "<style scoped>\n",
       "    .dataframe tbody tr th:only-of-type {\n",
       "        vertical-align: middle;\n",
       "    }\n",
       "\n",
       "    .dataframe tbody tr th {\n",
       "        vertical-align: top;\n",
       "    }\n",
       "\n",
       "    .dataframe thead th {\n",
       "        text-align: right;\n",
       "    }\n",
       "</style>\n",
       "<table border=\"1\" class=\"dataframe\">\n",
       "  <thead>\n",
       "    <tr style=\"text-align: right;\">\n",
       "      <th></th>\n",
       "      <th>id</th>\n",
       "      <th>word_rank</th>\n",
       "      <th>word_count</th>\n",
       "      <th>word_prob</th>\n",
       "      <th>word_cumulative</th>\n",
       "      <th>word_docs</th>\n",
       "      <th>word-length</th>\n",
       "      <th>word_coherence</th>\n",
       "      <th>word_uniform_dist</th>\n",
       "      <th>word_corpus_dist</th>\n",
       "      <th>word-token-doc-diff</th>\n",
       "      <th>word_exclusivity</th>\n",
       "    </tr>\n",
       "  </thead>\n",
       "  <tbody>\n",
       "    <tr>\n",
       "      <th>0</th>\n",
       "      <td>0</td>\n",
       "      <td>1</td>\n",
       "      <td>62216</td>\n",
       "      <td>0.15965</td>\n",
       "      <td>0.15965</td>\n",
       "      <td>60784</td>\n",
       "      <td>11.0000</td>\n",
       "      <td>0.0000</td>\n",
       "      <td>1.5445</td>\n",
       "      <td>0.2349</td>\n",
       "      <td>0.0000</td>\n",
       "      <td>0.0571</td>\n",
       "    </tr>\n",
       "    <tr>\n",
       "      <th>1</th>\n",
       "      <td>0</td>\n",
       "      <td>2</td>\n",
       "      <td>29506</td>\n",
       "      <td>0.07571</td>\n",
       "      <td>0.23536</td>\n",
       "      <td>28657</td>\n",
       "      <td>5.0000</td>\n",
       "      <td>-2.7220</td>\n",
       "      <td>0.6760</td>\n",
       "      <td>0.0081</td>\n",
       "      <td>0.0000</td>\n",
       "      <td>0.0145</td>\n",
       "    </tr>\n",
       "    <tr>\n",
       "      <th>2</th>\n",
       "      <td>0</td>\n",
       "      <td>3</td>\n",
       "      <td>19033</td>\n",
       "      <td>0.04884</td>\n",
       "      <td>0.28420</td>\n",
       "      <td>18955</td>\n",
       "      <td>8.0000</td>\n",
       "      <td>-4.3230</td>\n",
       "      <td>0.4146</td>\n",
       "      <td>0.2157</td>\n",
       "      <td>0.0000</td>\n",
       "      <td>0.9006</td>\n",
       "    </tr>\n",
       "    <tr>\n",
       "      <th>3</th>\n",
       "      <td>0</td>\n",
       "      <td>4</td>\n",
       "      <td>14782</td>\n",
       "      <td>0.03793</td>\n",
       "      <td>0.32213</td>\n",
       "      <td>14635</td>\n",
       "      <td>9.0000</td>\n",
       "      <td>-4.5728</td>\n",
       "      <td>0.3124</td>\n",
       "      <td>0.1510</td>\n",
       "      <td>0.0000</td>\n",
       "      <td>0.6568</td>\n",
       "    </tr>\n",
       "    <tr>\n",
       "      <th>4</th>\n",
       "      <td>0</td>\n",
       "      <td>5</td>\n",
       "      <td>10734</td>\n",
       "      <td>0.02754</td>\n",
       "      <td>0.34967</td>\n",
       "      <td>10651</td>\n",
       "      <td>4.0000</td>\n",
       "      <td>-5.3578</td>\n",
       "      <td>0.2181</td>\n",
       "      <td>0.1169</td>\n",
       "      <td>0.0000</td>\n",
       "      <td>0.8173</td>\n",
       "    </tr>\n",
       "    <tr>\n",
       "      <th>5</th>\n",
       "      <td>0</td>\n",
       "      <td>6</td>\n",
       "      <td>9585</td>\n",
       "      <td>0.02460</td>\n",
       "      <td>0.37427</td>\n",
       "      <td>9383</td>\n",
       "      <td>4.0000</td>\n",
       "      <td>-4.4460</td>\n",
       "      <td>0.1919</td>\n",
       "      <td>0.1080</td>\n",
       "      <td>0.0000</td>\n",
       "      <td>0.9065</td>\n",
       "    </tr>\n",
       "    <tr>\n",
       "      <th>6</th>\n",
       "      <td>0</td>\n",
       "      <td>7</td>\n",
       "      <td>7688</td>\n",
       "      <td>0.01973</td>\n",
       "      <td>0.39399</td>\n",
       "      <td>7328</td>\n",
       "      <td>5.0000</td>\n",
       "      <td>-5.3622</td>\n",
       "      <td>0.1496</td>\n",
       "      <td>0.0891</td>\n",
       "      <td>0.0000</td>\n",
       "      <td>0.9862</td>\n",
       "    </tr>\n",
       "    <tr>\n",
       "      <th>7</th>\n",
       "      <td>0</td>\n",
       "      <td>8</td>\n",
       "      <td>7079</td>\n",
       "      <td>0.01816</td>\n",
       "      <td>0.41216</td>\n",
       "      <td>7057</td>\n",
       "      <td>11.0000</td>\n",
       "      <td>-3.7751</td>\n",
       "      <td>0.1363</td>\n",
       "      <td>0.0815</td>\n",
       "      <td>0.0000</td>\n",
       "      <td>0.9634</td>\n",
       "    </tr>\n",
       "    <tr>\n",
       "      <th>8</th>\n",
       "      <td>0</td>\n",
       "      <td>9</td>\n",
       "      <td>6837</td>\n",
       "      <td>0.01754</td>\n",
       "      <td>0.42970</td>\n",
       "      <td>6837</td>\n",
       "      <td>13.0000</td>\n",
       "      <td>-5.4428</td>\n",
       "      <td>0.1310</td>\n",
       "      <td>0.0796</td>\n",
       "      <td>0.0000</td>\n",
       "      <td>0.9999</td>\n",
       "    </tr>\n",
       "    <tr>\n",
       "      <th>9</th>\n",
       "      <td>0</td>\n",
       "      <td>10</td>\n",
       "      <td>6320</td>\n",
       "      <td>0.01622</td>\n",
       "      <td>0.44592</td>\n",
       "      <td>6212</td>\n",
       "      <td>4.0000</td>\n",
       "      <td>-7.7977</td>\n",
       "      <td>0.1198</td>\n",
       "      <td>0.0536</td>\n",
       "      <td>0.0000</td>\n",
       "      <td>0.3376</td>\n",
       "    </tr>\n",
       "    <tr>\n",
       "      <th>10</th>\n",
       "      <td>0</td>\n",
       "      <td>11</td>\n",
       "      <td>5927</td>\n",
       "      <td>0.01521</td>\n",
       "      <td>0.46113</td>\n",
       "      <td>5784</td>\n",
       "      <td>8.0000</td>\n",
       "      <td>-8.7243</td>\n",
       "      <td>0.1114</td>\n",
       "      <td>0.0646</td>\n",
       "      <td>0.0000</td>\n",
       "      <td>0.7849</td>\n",
       "    </tr>\n",
       "    <tr>\n",
       "      <th>11</th>\n",
       "      <td>0</td>\n",
       "      <td>12</td>\n",
       "      <td>5890</td>\n",
       "      <td>0.01511</td>\n",
       "      <td>0.47624</td>\n",
       "      <td>5604</td>\n",
       "      <td>5.0000</td>\n",
       "      <td>-6.7869</td>\n",
       "      <td>0.1106</td>\n",
       "      <td>0.0548</td>\n",
       "      <td>0.0000</td>\n",
       "      <td>0.4516</td>\n",
       "    </tr>\n",
       "    <tr>\n",
       "      <th>12</th>\n",
       "      <td>0</td>\n",
       "      <td>13</td>\n",
       "      <td>4871</td>\n",
       "      <td>0.01250</td>\n",
       "      <td>0.48874</td>\n",
       "      <td>4816</td>\n",
       "      <td>5.0000</td>\n",
       "      <td>-13.2680</td>\n",
       "      <td>0.0891</td>\n",
       "      <td>0.0502</td>\n",
       "      <td>0.0000</td>\n",
       "      <td>0.6902</td>\n",
       "    </tr>\n",
       "    <tr>\n",
       "      <th>13</th>\n",
       "      <td>0</td>\n",
       "      <td>14</td>\n",
       "      <td>4369</td>\n",
       "      <td>0.01121</td>\n",
       "      <td>0.49995</td>\n",
       "      <td>4326</td>\n",
       "      <td>4.0000</td>\n",
       "      <td>-13.4353</td>\n",
       "      <td>0.0787</td>\n",
       "      <td>0.0225</td>\n",
       "      <td>0.0000</td>\n",
       "      <td>0.0947</td>\n",
       "    </tr>\n",
       "    <tr>\n",
       "      <th>14</th>\n",
       "      <td>0</td>\n",
       "      <td>15</td>\n",
       "      <td>3728</td>\n",
       "      <td>0.00957</td>\n",
       "      <td>0.50952</td>\n",
       "      <td>3640</td>\n",
       "      <td>6.0000</td>\n",
       "      <td>-13.0849</td>\n",
       "      <td>0.0656</td>\n",
       "      <td>0.0347</td>\n",
       "      <td>0.0000</td>\n",
       "      <td>0.4608</td>\n",
       "    </tr>\n",
       "    <tr>\n",
       "      <th>15</th>\n",
       "      <td>0</td>\n",
       "      <td>16</td>\n",
       "      <td>3324</td>\n",
       "      <td>0.00853</td>\n",
       "      <td>0.51805</td>\n",
       "      <td>3268</td>\n",
       "      <td>5.0000</td>\n",
       "      <td>-13.4353</td>\n",
       "      <td>0.0575</td>\n",
       "      <td>0.0332</td>\n",
       "      <td>0.0000</td>\n",
       "      <td>0.6026</td>\n",
       "    </tr>\n",
       "    <tr>\n",
       "      <th>16</th>\n",
       "      <td>0</td>\n",
       "      <td>17</td>\n",
       "      <td>3233</td>\n",
       "      <td>0.00830</td>\n",
       "      <td>0.52634</td>\n",
       "      <td>3196</td>\n",
       "      <td>5.0000</td>\n",
       "      <td>-13.0849</td>\n",
       "      <td>0.0557</td>\n",
       "      <td>0.0210</td>\n",
       "      <td>0.0000</td>\n",
       "      <td>0.1591</td>\n",
       "    </tr>\n",
       "    <tr>\n",
       "      <th>17</th>\n",
       "      <td>0</td>\n",
       "      <td>18</td>\n",
       "      <td>3056</td>\n",
       "      <td>0.00784</td>\n",
       "      <td>0.53418</td>\n",
       "      <td>2901</td>\n",
       "      <td>5.0000</td>\n",
       "      <td>-13.8786</td>\n",
       "      <td>0.0522</td>\n",
       "      <td>0.0291</td>\n",
       "      <td>0.0000</td>\n",
       "      <td>0.4834</td>\n",
       "    </tr>\n",
       "    <tr>\n",
       "      <th>18</th>\n",
       "      <td>0</td>\n",
       "      <td>19</td>\n",
       "      <td>3035</td>\n",
       "      <td>0.00779</td>\n",
       "      <td>0.54197</td>\n",
       "      <td>2927</td>\n",
       "      <td>6.0000</td>\n",
       "      <td>-13.4353</td>\n",
       "      <td>0.0518</td>\n",
       "      <td>0.0301</td>\n",
       "      <td>0.0000</td>\n",
       "      <td>0.5654</td>\n",
       "    </tr>\n",
       "    <tr>\n",
       "      <th>19</th>\n",
       "      <td>0</td>\n",
       "      <td>20</td>\n",
       "      <td>3025</td>\n",
       "      <td>0.00776</td>\n",
       "      <td>0.54973</td>\n",
       "      <td>2971</td>\n",
       "      <td>11.0000</td>\n",
       "      <td>-7.3938</td>\n",
       "      <td>0.0516</td>\n",
       "      <td>0.0339</td>\n",
       "      <td>0.0000</td>\n",
       "      <td>0.8664</td>\n",
       "    </tr>\n",
       "  </tbody>\n",
       "</table>\n",
       "</div>"
      ],
      "text/plain": [
       "   id word_rank word_count word_prob word_cumulative word_docs word-length  \\\n",
       "0   0         1      62216   0.15965         0.15965     60784     11.0000   \n",
       "1   0         2      29506   0.07571         0.23536     28657      5.0000   \n",
       "2   0         3      19033   0.04884         0.28420     18955      8.0000   \n",
       "3   0         4      14782   0.03793         0.32213     14635      9.0000   \n",
       "4   0         5      10734   0.02754         0.34967     10651      4.0000   \n",
       "5   0         6       9585   0.02460         0.37427      9383      4.0000   \n",
       "6   0         7       7688   0.01973         0.39399      7328      5.0000   \n",
       "7   0         8       7079   0.01816         0.41216      7057     11.0000   \n",
       "8   0         9       6837   0.01754         0.42970      6837     13.0000   \n",
       "9   0        10       6320   0.01622         0.44592      6212      4.0000   \n",
       "10  0        11       5927   0.01521         0.46113      5784      8.0000   \n",
       "11  0        12       5890   0.01511         0.47624      5604      5.0000   \n",
       "12  0        13       4871   0.01250         0.48874      4816      5.0000   \n",
       "13  0        14       4369   0.01121         0.49995      4326      4.0000   \n",
       "14  0        15       3728   0.00957         0.50952      3640      6.0000   \n",
       "15  0        16       3324   0.00853         0.51805      3268      5.0000   \n",
       "16  0        17       3233   0.00830         0.52634      3196      5.0000   \n",
       "17  0        18       3056   0.00784         0.53418      2901      5.0000   \n",
       "18  0        19       3035   0.00779         0.54197      2927      6.0000   \n",
       "19  0        20       3025   0.00776         0.54973      2971     11.0000   \n",
       "\n",
       "   word_coherence word_uniform_dist word_corpus_dist word-token-doc-diff  \\\n",
       "0          0.0000            1.5445           0.2349              0.0000   \n",
       "1         -2.7220            0.6760           0.0081              0.0000   \n",
       "2         -4.3230            0.4146           0.2157              0.0000   \n",
       "3         -4.5728            0.3124           0.1510              0.0000   \n",
       "4         -5.3578            0.2181           0.1169              0.0000   \n",
       "5         -4.4460            0.1919           0.1080              0.0000   \n",
       "6         -5.3622            0.1496           0.0891              0.0000   \n",
       "7         -3.7751            0.1363           0.0815              0.0000   \n",
       "8         -5.4428            0.1310           0.0796              0.0000   \n",
       "9         -7.7977            0.1198           0.0536              0.0000   \n",
       "10        -8.7243            0.1114           0.0646              0.0000   \n",
       "11        -6.7869            0.1106           0.0548              0.0000   \n",
       "12       -13.2680            0.0891           0.0502              0.0000   \n",
       "13       -13.4353            0.0787           0.0225              0.0000   \n",
       "14       -13.0849            0.0656           0.0347              0.0000   \n",
       "15       -13.4353            0.0575           0.0332              0.0000   \n",
       "16       -13.0849            0.0557           0.0210              0.0000   \n",
       "17       -13.8786            0.0522           0.0291              0.0000   \n",
       "18       -13.4353            0.0518           0.0301              0.0000   \n",
       "19        -7.3938            0.0516           0.0339              0.0000   \n",
       "\n",
       "   word_exclusivity  \n",
       "0            0.0571  \n",
       "1            0.0145  \n",
       "2            0.9006  \n",
       "3            0.6568  \n",
       "4            0.8173  \n",
       "5            0.9065  \n",
       "6            0.9862  \n",
       "7            0.9634  \n",
       "8            0.9999  \n",
       "9            0.3376  \n",
       "10           0.7849  \n",
       "11           0.4516  \n",
       "12           0.6902  \n",
       "13           0.0947  \n",
       "14           0.4608  \n",
       "15           0.6026  \n",
       "16           0.1591  \n",
       "17           0.4834  \n",
       "18           0.5654  \n",
       "19           0.8664  "
      ]
     },
     "execution_count": 56,
     "metadata": {},
     "output_type": "execute_result"
    }
   ],
   "source": [
    "tm_results_diagnostics_topic_detail.head(20)"
   ]
  },
  {
   "cell_type": "code",
   "execution_count": 7,
   "metadata": {},
   "outputs": [],
   "source": [
    "tm_results_diagnostics_topic_overall = tm_results_diagnostics_df.copy()\n",
    "tm_results_diagnostics_topic_detail = tm_results_diagnostics_df.copy()"
   ]
  },
  {
   "cell_type": "code",
   "execution_count": 8,
   "metadata": {},
   "outputs": [],
   "source": [
    "tm_results_diagnostics_topic_overall = tm_results_diagnostics_topic_overall.drop(columns=[\"word_rank\", \"word_count\", \"word_prob\",\"word_cumulative\", \"word_docs\", \"word-length\", \"word_coherence\",\n",
    "           \"word_uniform_dist\", \"word_corpus_dist\", \"word-token-doc-diff\", \"word_exclusivity\"])\n",
    "tm_results_diagnostics_topic_overall = tm_results_diagnostics_topic_overall.dropna().reset_index()\n",
    "tm_results_diagnostics_topic_overall.head()\n",
    "tm_results_diagnostics_topic_overall = tm_results_diagnostics_topic_overall.drop(columns='index')"
   ]
  },
  {
   "cell_type": "code",
   "execution_count": 9,
   "metadata": {},
   "outputs": [],
   "source": [
    "tm_results_diagnostics_topic_detail = tm_results_diagnostics_topic_detail.drop(columns=[\"tokens\", \"document_entropy\", \"avg-word-length\", \"avg-coherence\", \"uniform_dist\", \"corpus_dist\", \"token-doc-diff\",\n",
    "          \"rank_1_docs\", \"allocation_ratio\"])\n",
    "tm_results_diagnostics_topic_detail = tm_results_diagnostics_topic_detail.dropna().reset_index()\n",
    "tm_results_diagnostics_topic_detail = tm_results_diagnostics_topic_detail.drop(columns='index')\n",
    "\n"
   ]
  },
  {
   "cell_type": "markdown",
   "metadata": {},
   "source": [
    "# PCA Analysis Overall Topic Diagnostic Data"
   ]
  },
  {
   "cell_type": "code",
   "execution_count": 16,
   "metadata": {},
   "outputs": [],
   "source": [
    "x = tm_results_diagnostics_topic_overall.drop(labels='id', axis=1).values\n",
    "y = tm_results_diagnostics_topic_overall['id']\n",
    "X_std = StandardScaler().fit_transform(x)"
   ]
  },
  {
   "cell_type": "code",
   "execution_count": 17,
   "metadata": {},
   "outputs": [
    {
     "name": "stdout",
     "output_type": "stream",
     "text": [
      "Covariance matrix \n",
      "[[ 1.01351351  0.37679794  0.23866241  0.21998956  0.1656666  -0.20640603\n",
      "   0.3951706   0.58324192  0.47331249]\n",
      " [ 0.37679794  1.01351351  0.04056513  0.16606349 -0.0236241  -0.62066774\n",
      "  -0.24671135 -0.14620713 -0.51252838]\n",
      " [ 0.23866241  0.04056513  1.01351351 -0.41858288  0.38805681 -0.24461645\n",
      "   0.30636751  0.19953287  0.2733027 ]\n",
      " [ 0.21998956  0.16606349 -0.41858288  1.01351351 -0.40919541 -0.08558445\n",
      "  -0.47598192  0.14109919 -0.26190844]\n",
      " [ 0.1656666  -0.0236241   0.38805681 -0.40919541  1.01351351 -0.18920336\n",
      "   0.6099032  -0.07451998  0.49409439]\n",
      " [-0.20640603 -0.62066774 -0.24461645 -0.08558445 -0.18920336  1.01351351\n",
      "   0.09374907  0.27827046  0.30183805]\n",
      " [ 0.3951706  -0.24671135  0.30636751 -0.47598192  0.6099032   0.09374907\n",
      "   1.01351351  0.28985699  0.75444099]\n",
      " [ 0.58324192 -0.14620713  0.19953287  0.14109919 -0.07451998  0.27827046\n",
      "   0.28985699  1.01351351  0.5275297 ]\n",
      " [ 0.47331249 -0.51252838  0.2733027  -0.26190844  0.49409439  0.30183805\n",
      "   0.75444099  0.5275297   1.01351351]]\n"
     ]
    }
   ],
   "source": [
    "mean_vec = np.mean(X_std, axis=0)\n",
    "cov_mat = (X_std - mean_vec).T.dot((X_std - mean_vec)) / (X_std.shape[0]-1)\n",
    "print('Covariance matrix \\n%s' %cov_mat)"
   ]
  },
  {
   "cell_type": "code",
   "execution_count": 18,
   "metadata": {},
   "outputs": [
    {
     "name": "stdout",
     "output_type": "stream",
     "text": [
      "Eigenvectors \n",
      "[[-0.26628789 -0.37464651 -0.48532292  0.09990791 -0.53317537 -0.16351917\n",
      "  -0.25647517  0.40793703  0.00204823]\n",
      " [ 0.20037893 -0.58922756 -0.07925098  0.02829991  0.51370454 -0.48217804\n",
      "   0.03486602 -0.00985205 -0.3284461 ]\n",
      " [-0.29066362 -0.28755316  0.18195261 -0.71371517  0.08933463  0.35762639\n",
      "   0.18650567  0.31552644 -0.14182077]\n",
      " [ 0.26859953 -0.03727384 -0.5240222   0.28946788  0.19004727  0.5869136\n",
      "   0.37204279  0.16508091 -0.14771918]\n",
      " [-0.36169698 -0.21265144  0.33178734  0.40289484 -0.19983641  0.27025463\n",
      "  -0.02924377 -0.30363849 -0.5878128 ]\n",
      " [-0.10776964  0.60160956 -0.12894899 -0.08618275  0.02696679 -0.3147051\n",
      "   0.11392475  0.33367404 -0.61507123]\n",
      " [-0.49427184 -0.03097891  0.08112263  0.28065203  0.07406404 -0.25597643\n",
      "   0.69571058  0.10666796  0.32091825]\n",
      " [-0.28653666  0.04922132 -0.54647536 -0.34400325 -0.01995573 -0.0685032\n",
      "   0.11120561 -0.69105806 -0.0590051 ]\n",
      " [-0.51328461  0.13355743 -0.13619118  0.17082451  0.60098879  0.1615801\n",
      "  -0.49959053  0.11919596  0.14099025]]\n",
      "\n",
      "Eigenvalues \n",
      "[3.18350234 2.02399249 1.77849879 0.80995435 0.03802935 0.53722733\n",
      " 0.17734249 0.23949211 0.33358237]\n"
     ]
    }
   ],
   "source": [
    "#Perform eigendecomposition on covariance matrix\n",
    "cov_mat = np.cov(X_std.T)\n",
    "eig_vals, eig_vecs = np.linalg.eig(cov_mat)\n",
    "print('Eigenvectors \\n%s' %eig_vecs)\n",
    "print('\\nEigenvalues \\n%s' %eig_vals)\n"
   ]
  },
  {
   "cell_type": "code",
   "execution_count": 19,
   "metadata": {},
   "outputs": [
    {
     "name": "stdout",
     "output_type": "stream",
     "text": [
      "Eigenvalues in descending order:\n",
      "3.1835023358855916\n",
      "2.02399248979253\n",
      "1.7784987919564121\n",
      "0.8099543468612139\n",
      "0.03802934838937859\n",
      "0.5372273315594727\n",
      "0.1773424918053207\n",
      "0.2394921137394279\n",
      "0.3335823716322763\n"
     ]
    }
   ],
   "source": [
    "# Visually confirm that the list is correctly sorted by decreasing eigenvalues\n",
    "eig_pairs = [(np.abs(eig_vals[i]), eig_vecs[:,i]) for i in range(len(eig_vals))]\n",
    "print('Eigenvalues in descending order:')\n",
    "for i in eig_pairs:\n",
    "    print(i[0])"
   ]
  },
  {
   "cell_type": "code",
   "execution_count": 27,
   "metadata": {},
   "outputs": [],
   "source": [
    "\n",
    "X_train, X_test, y_train, y_test = train_test_split(x, y, test_size=0.2, random_state=0)"
   ]
  },
  {
   "cell_type": "code",
   "execution_count": 28,
   "metadata": {},
   "outputs": [],
   "source": [
    "sc = StandardScaler()\n",
    "X_train = sc.fit_transform(X_train)\n",
    "X_test = sc.transform(X_test)"
   ]
  },
  {
   "cell_type": "code",
   "execution_count": 34,
   "metadata": {},
   "outputs": [],
   "source": [
    "pca = convers_pca(no_of_components=9)\n",
    "pca.fit(X_train)"
   ]
  },
  {
   "cell_type": "code",
   "execution_count": 35,
   "metadata": {},
   "outputs": [],
   "source": [
    "pca = PCA()\n",
    "X_train = pca.fit_transform(X_train)\n",
    "X_test = pca.transform(X_test)"
   ]
  },
  {
   "cell_type": "code",
   "execution_count": 36,
   "metadata": {},
   "outputs": [
    {
     "data": {
      "text/plain": [
       "array([0.35787757, 0.22256315, 0.19126936, 0.0898222 , 0.05667681,\n",
       "       0.03490719, 0.02799674, 0.01503188, 0.0038551 ])"
      ]
     },
     "execution_count": 36,
     "metadata": {},
     "output_type": "execute_result"
    }
   ],
   "source": [
    "explained_variance = pca.explained_variance_ratio_\n",
    "explained_variance"
   ]
  },
  {
   "cell_type": "markdown",
   "metadata": {},
   "source": [
    "# PCA Analysis Detail Topic Diagnostic Data"
   ]
  },
  {
   "cell_type": "code",
   "execution_count": 37,
   "metadata": {},
   "outputs": [],
   "source": [
    "x_word = tm_results_diagnostics_topic_detail.drop(labels='id', axis=1).values\n",
    "y_word = tm_results_diagnostics_topic_detail['id']\n",
    "X_std = StandardScaler().fit_transform(x)\n",
    "X_train, X_test, y_train, y_test = train_test_split(x_word, y_word, test_size=.4, random_state=0)"
   ]
  },
  {
   "cell_type": "code",
   "execution_count": 38,
   "metadata": {},
   "outputs": [
    {
     "name": "stdout",
     "output_type": "stream",
     "text": [
      "Covariance matrix \n",
      "[[ 1.01351351  0.37679794  0.23866241  0.21998956  0.1656666  -0.20640603\n",
      "   0.3951706   0.58324192  0.47331249]\n",
      " [ 0.37679794  1.01351351  0.04056513  0.16606349 -0.0236241  -0.62066774\n",
      "  -0.24671135 -0.14620713 -0.51252838]\n",
      " [ 0.23866241  0.04056513  1.01351351 -0.41858288  0.38805681 -0.24461645\n",
      "   0.30636751  0.19953287  0.2733027 ]\n",
      " [ 0.21998956  0.16606349 -0.41858288  1.01351351 -0.40919541 -0.08558445\n",
      "  -0.47598192  0.14109919 -0.26190844]\n",
      " [ 0.1656666  -0.0236241   0.38805681 -0.40919541  1.01351351 -0.18920336\n",
      "   0.6099032  -0.07451998  0.49409439]\n",
      " [-0.20640603 -0.62066774 -0.24461645 -0.08558445 -0.18920336  1.01351351\n",
      "   0.09374907  0.27827046  0.30183805]\n",
      " [ 0.3951706  -0.24671135  0.30636751 -0.47598192  0.6099032   0.09374907\n",
      "   1.01351351  0.28985699  0.75444099]\n",
      " [ 0.58324192 -0.14620713  0.19953287  0.14109919 -0.07451998  0.27827046\n",
      "   0.28985699  1.01351351  0.5275297 ]\n",
      " [ 0.47331249 -0.51252838  0.2733027  -0.26190844  0.49409439  0.30183805\n",
      "   0.75444099  0.5275297   1.01351351]]\n"
     ]
    }
   ],
   "source": [
    "mean_vec = np.mean(X_std, axis=0)\n",
    "cov_mat = (X_std - mean_vec).T.dot((X_std - mean_vec)) / (X_std.shape[0]-1)\n",
    "print('Covariance matrix \\n%s' %cov_mat)"
   ]
  },
  {
   "cell_type": "code",
   "execution_count": 39,
   "metadata": {},
   "outputs": [
    {
     "name": "stdout",
     "output_type": "stream",
     "text": [
      "Eigenvectors \n",
      "[[-0.26628789 -0.37464651 -0.48532292  0.09990791 -0.53317537 -0.16351917\n",
      "  -0.25647517  0.40793703  0.00204823]\n",
      " [ 0.20037893 -0.58922756 -0.07925098  0.02829991  0.51370454 -0.48217804\n",
      "   0.03486602 -0.00985205 -0.3284461 ]\n",
      " [-0.29066362 -0.28755316  0.18195261 -0.71371517  0.08933463  0.35762639\n",
      "   0.18650567  0.31552644 -0.14182077]\n",
      " [ 0.26859953 -0.03727384 -0.5240222   0.28946788  0.19004727  0.5869136\n",
      "   0.37204279  0.16508091 -0.14771918]\n",
      " [-0.36169698 -0.21265144  0.33178734  0.40289484 -0.19983641  0.27025463\n",
      "  -0.02924377 -0.30363849 -0.5878128 ]\n",
      " [-0.10776964  0.60160956 -0.12894899 -0.08618275  0.02696679 -0.3147051\n",
      "   0.11392475  0.33367404 -0.61507123]\n",
      " [-0.49427184 -0.03097891  0.08112263  0.28065203  0.07406404 -0.25597643\n",
      "   0.69571058  0.10666796  0.32091825]\n",
      " [-0.28653666  0.04922132 -0.54647536 -0.34400325 -0.01995573 -0.0685032\n",
      "   0.11120561 -0.69105806 -0.0590051 ]\n",
      " [-0.51328461  0.13355743 -0.13619118  0.17082451  0.60098879  0.1615801\n",
      "  -0.49959053  0.11919596  0.14099025]]\n",
      "\n",
      "Eigenvalues \n",
      "[3.18350234 2.02399249 1.77849879 0.80995435 0.03802935 0.53722733\n",
      " 0.17734249 0.23949211 0.33358237]\n"
     ]
    }
   ],
   "source": [
    "#Perform eigendecomposition on covariance matrix\n",
    "cov_mat = np.cov(X_std.T)\n",
    "eig_vals, eig_vecs = np.linalg.eig(cov_mat)\n",
    "print('Eigenvectors \\n%s' %eig_vecs)\n",
    "print('\\nEigenvalues \\n%s' %eig_vals)"
   ]
  },
  {
   "cell_type": "code",
   "execution_count": 40,
   "metadata": {},
   "outputs": [
    {
     "name": "stdout",
     "output_type": "stream",
     "text": [
      "Eigenvalues in descending order:\n",
      "3.1835023358855916\n",
      "2.02399248979253\n",
      "1.7784987919564121\n",
      "0.8099543468612139\n",
      "0.03802934838937859\n",
      "0.5372273315594727\n",
      "0.1773424918053207\n",
      "0.2394921137394279\n",
      "0.3335823716322763\n"
     ]
    }
   ],
   "source": [
    "# Visually confirm that the list is correctly sorted by decreasing eigenvalues\n",
    "eig_pairs = [(np.abs(eig_vals[i]), eig_vecs[:,i]) for i in range(len(eig_vals))]\n",
    "print('Eigenvalues in descending order:')\n",
    "for i in eig_pairs:\n",
    "    print(i[0])"
   ]
  },
  {
   "cell_type": "code",
   "execution_count": 41,
   "metadata": {},
   "outputs": [],
   "source": [
    "sc = StandardScaler()\n",
    "X_train = sc.fit_transform(X_train)\n",
    "X_test = sc.transform(X_test)"
   ]
  },
  {
   "cell_type": "code",
   "execution_count": 42,
   "metadata": {},
   "outputs": [],
   "source": [
    "pca = convers_pca(no_of_components=9)\n",
    "pca.fit(X_train)"
   ]
  },
  {
   "cell_type": "code",
   "execution_count": 43,
   "metadata": {},
   "outputs": [],
   "source": [
    "pca = PCA()\n",
    "X_train = pca.fit_transform(X_train)\n",
    "X_test = pca.transform(X_test)"
   ]
  },
  {
   "cell_type": "code",
   "execution_count": 46,
   "metadata": {},
   "outputs": [
    {
     "data": {
      "text/plain": [
       "array([4.94539821e-01, 1.58272921e-01, 9.43105910e-02, 8.86927646e-02,\n",
       "       7.06072673e-02, 4.14333486e-02, 3.01392688e-02, 1.65662627e-02,\n",
       "       5.14795603e-03, 2.35541516e-04, 5.42575078e-05])"
      ]
     },
     "execution_count": 46,
     "metadata": {},
     "output_type": "execute_result"
    }
   ],
   "source": [
    "explained_variance_word = pca.explained_variance_ratio_\n",
    "explained_variance_word"
   ]
  },
  {
   "cell_type": "code",
   "execution_count": 66,
   "metadata": {},
   "outputs": [
    {
     "data": {
